256.000000 1.000000
256.753085 10.971603
257.198945 20.961658
257.845582 30.940729
257.345719 40.928229
257.099921 50.925207
256.164013 60.881315
255.501973 70.859376
254.885143 80.840334
254.602744 90.836345
255.370663 100.806817
255.232301 110.805860
255.648137 120.797210
256.225777 130.780513
255.584908 140.759956
255.617011 150.759904
256.629065 160.708560
257.921666 170.624667
258.902037 180.576495
259.612210 190.551245
259.223124 200.543673
259.370582 210.542586
260.428177 220.486503
260.423442 230.486502
260.690747 240.482929
261.882717 250.411635
261.948265 260.411420
261.048036 270.370817
260.125121 280.328138
259.071197 290.272445
257.102571 300.076756
254.695473 309.782727
251.210955 319.155994
247.838904 328.570306
244.908592 338.131335
242.279656 347.779583
238.670266 357.105478
234.815737 366.332753
231.221861 375.664636
227.614384 384.991271
224.165889 394.377851
221.019569 403.869988
218.586460 413.569472
215.101628 422.942622
210.526445 431.834624
206.075264 440.789343
201.707914 449.785245
197.333354 458.777643
192.232308 467.378767
186.711338 475.716565
181.677600 484.357253
177.037128 493.215358
171.722071 501.685905
166.955252 510.476664
163.280303 519.776919
159.246856 528.927400
155.878000 538.342856
152.591594 547.787406
149.920773 557.424144
148.326754 567.296282
146.842631 577.185538
145.305691 587.066723
143.725771 596.941126
142.681042 606.886404
142.322658 616.879980
141.183124 626.814841
138.877304 636.545370
136.850114 646.337739
134.577540 656.076087
131.278601 665.516267
127.434567 674.747919
124.606697 684.339746
122.948627 694.201329
120.826969 703.973665
118.107460 713.596777
115.186525 723.160674
112.266267 732.724779
108.943544 742.156614
105.786997 751.645355
102.003592 760.902020
99.148087 770.485657
95.192438 779.670036
91.292438 788.878185
86.386468 797.592051
102.386468 797.592051
107.292438 788.878185
111.192438 779.670036
115.148087 770.485657
118.003592 760.902020
121.786997 751.645355
124.943544 742.156614
128.266267 732.724779
131.186525 723.160674
134.107460 713.596777
136.826969 703.973665
138.948627 694.201329
140.606697 684.339746
143.434567 674.747919
147.278601 665.516267
150.577540 656.076087
152.850114 646.337739
154.877304 636.545370
157.183124 626.814841
158.322658 616.879980
158.681042 606.886404
159.725771 596.941126
161.305691 587.066723
162.842631 577.185538
164.326754 567.296282
165.920773 557.424144
168.591594 547.787406
171.878000 538.342856
175.246856 528.927400
179.280303 519.776919
182.955252 510.476664
187.722071 501.685905
193.037128 493.215358
197.677600 484.357253
202.711338 475.716565
208.232308 467.378767
213.333354 458.777643
217.707914 449.785245
222.075264 440.789343
226.526445 431.834624
231.101628 422.942622
234.586460 413.569472
237.019569 403.869988
240.165889 394.377851
243.614384 384.991271
247.221861 375.664636
250.815737 366.332753
254.670266 357.105478
258.279656 347.779583
260.908592 338.131335
263.838904 328.570306
267.210955 319.155994
270.695473 309.782727
273.102571 300.076756
275.071197 290.272445
276.125121 280.328138
277.048036 270.370817
277.948265 260.411420
277.882717 250.411635
276.690747 240.482929
276.423442 230.486502
276.428177 220.486503
275.370582 210.542586
275.223124 200.543673
275.612210 190.551245
274.902037 180.576495
273.921666 170.624667
272.629065 160.708560
271.617011 150.759904
271.584908 140.759956
272.225777 130.780513
271.648137 120.797210
271.232301 110.805860
271.370663 100.806817
270.602744 90.836345
270.885143 80.840334
271.501973 70.859376
272.164013 60.881315
273.099921 50.925207
273.345719 40.928229
273.845582 30.940729
273.198945 20.961658
272.753085 10.971603
256.000000 0.000000
