275.000000 316.000000
284.000000 324.000000
294.000000 329.000000
292.000000 334.000000
290.000000 338.000000
284.000000 344.000000
283.000000 346.000000
275.000000 339.000000
267.000000 336.000000
265.000000 336.000000
265.000000 337.000000
269.000000 362.000000
269.000000 366.000000
270.000000 374.000000
265.000000 382.000000
262.000000 392.000000
252.000000 389.000000
245.000000 385.000000
245.000000 384.000000
249.000000 375.000000
252.000000 366.000000
256.000000 357.000000
260.000000 347.000000
262.000000 338.000000
265.000000 328.000000
269.000000 319.000000
269.000000 318.000000
271.000000 311.000000
272.000000 310.000000
