169.000000 475.000000
180.000000 477.000000
184.000000 477.000000
180.000000 483.000000
176.000000 492.000000
170.000000 500.000000
165.000000 509.000000
162.000000 518.000000
158.000000 527.000000
154.000000 537.000000
151.000000 547.000000
150.000000 551.000000
148.000000 547.000000
148.000000 546.000000
146.000000 537.000000
145.000000 536.000000
142.000000 524.000000
141.000000 512.000000
138.000000 501.000000
133.000000 492.000000
142.000000 486.000000
152.000000 476.000000
159.000000 470.000000
