580.000000 567.000000
579.000000 567.000000
568.000000 570.000000
559.000000 575.000000
557.000000 576.000000
553.000000 577.000000
545.000000 578.000000
533.000000 579.000000
522.000000 581.000000
498.000000 579.000000
490.000000 581.000000
486.000000 581.000000
475.000000 587.000000
464.000000 591.000000
453.000000 596.000000
444.000000 602.000000
440.000000 595.000000
461.000000 585.000000
472.000000 579.000000
483.000000 577.000000
485.000000 576.000000
495.000000 574.000000
507.000000 573.000000
519.000000 573.000000
531.000000 574.000000
540.000000 571.000000
542.000000 570.000000
566.000000 566.000000
575.000000 561.000000
