307.000000 667.000000
309.000000 669.000000
316.000000 674.000000
327.000000 680.000000
328.000000 681.000000
329.000000 681.000000
332.000000 683.000000
339.000000 691.000000
350.000000 697.000000
362.000000 699.000000
356.000000 702.000000
339.000000 706.000000
330.000000 708.000000
308.000000 706.000000
281.000000 704.000000
275.000000 702.000000
276.000000 699.000000
279.000000 695.000000
283.000000 688.000000
286.000000 678.000000
287.000000 677.000000
293.000000 667.000000
300.000000 659.000000
